54744
50803
52481
54968
51122
54492
41457
48569
48675
51705
22147
38778
37475
47917
40530
15583
19163
36633
41461
51417
38680
40417
49310
42938
37105
56230
49692
40938
11617
24703
34281
15451
42897
54856
31338
36098
31245
50796
37999
43608
40591
6045
48926
50631
38080
38889
51815
50709
7054
33487
48736
51552
51265
53126
49470
14813
39547
23847
18897
27787
20507
30503
7769
30276
34134
38483
52990
40595
36220
37450
52619
40839
42963
52082
38992
43470
38787
45613
50416
30123
12549
50265
47194
50594
50739
16782
47159
54234
51916
33036
38101
39783
48548
50593
49776
52305
41389
4224
34822
34902